0 0 0 111001011
0 0 0 111001011
0 0 0 000011011
0 0 0 000001100
0 0 0 000000111
0 0 0 000100001
0 0 0 000110110
0 0 0 001101111
0 0 0 001001001
0 0 0 010000001
0 0 0 000111011
0 0 0 000011101
0 0 0 000001010
0 0 0 000000001
0 0 0 000100111
0 0 0 001111110
0 0 0 001101001
0 0 0 001001111
0 0 0 010000111
0 0 0 010010000
0 0 0 100110000
0 0 0 000000100
0 0 0 000001111
0 0 0 000011000
0 0 0 000111110
0 0 0 000110101
0 0 0 001101100
0 0 0 001001010
0 0 0 010000010
0 0 0 000111000
0 0 0 000011110
0 0 0 000001001
0 0 0 000000010
0 0 0 000100100
0 0 0 001111101
0 0 0 001101010
0 0 0 001001100
0 0 0 101111000
0 0 0 010101000
0 0 0 000010010
0 0 0 000000101
0 0 0 000001110
0 0 0 000101000
0 0 0 000111111
0 0 0 001100110
0 0 0 001000000
0 0 0 010001000
0 0 0 000110010
0 0 0 000010100
0 0 0 000000011
0 0 0 000001000
0 0 0 000101110
0 0 0 001110111
0 0 0 001111100
0 0 0 101001000
0 0 0 010011000
0 0 0 010010011
0 0 0 011101000
0 0 0 000100000
0 0 0 000000110
0 0 0 000001101
0 0 0 000011010
0 0 0 000111100
0 0 0 001100101
0 0 0 001101110
0 0 0 001001000
0 0 0 010000000
0 0 0 000111010
0 0 0 000011100
0 0 0 000001011
0 0 0 000000000
